ros2 action send_goal /joint_trajectory_controller/follow_joint_trajectory control_msgs/action/FollowJointTrajectory -f "{
  trajectory: {
    joint_names: ['RTz', 'RTx', 'RTy', 'RSy', 'RFy', 'RFx', 'LTz', 'LTx', 'LTy', 'LSy', 'LFy', 'LFx', 'RAy', 'RAx', 'RFAy', 'LAy', 'LAx', 'LFAy', 'Hz', 'Hy'],
    points: [
      { positions: [0.0, 0.0, 0.0, 0.0, 0.0, 0.0, 0.0, 0.0, 0.0, 0.0, 0.0, 0.0, 0.0, 0.0, 0.0, 0.0, 0.0, 0.0, 0.0, 0.0], velocities: [0.0, 0.0, 0.0, 0.0, 0.0, 0.0, 0.0, 0.0, 0.0, 0.0, 0.0, 0.0, 0.0, 0.0, 0.0, 0.0, 0.0, 0.0, 0.0, 0.0], time_from_start: { sec: 1 } },
      { positions: [0.0, 0.0, 0.0, 0.0, 0.0, 0.0, 0.0, 0.0, 0.0, 0.0, 0.0, 0.0, -1.5708, -1.5708, 0.0, 0.0, 0.0, 0.0, 0.0, 0.0], velocities: [0.0, 0.0, 0.0, 0.0, 0.0, 0.0, 0.0, 0.0, 0.0, 0.0, 0.0, 0.0, -1.5708, -1.5708, 0.0, 0.0, 0.0, 0.0, 0.0, 0.0], time_from_start: { sec: 3 } },
      { positions: [0.0, 0.0, 0.0, 0.0, 0.0, 0.0, 0.0, 0.0, 0.0, 0.0, 0.0, 0.0, -1.5708, -1.5708, -1.5708, 0.0, 0.0, 0.0, 0.0, 0.0], velocities: [0.0, 0.0, 0.0, 0.0, 0.0, 0.0, 0.0, 0.0, 0.0, 0.0, 0.0, 0.0, -1.5708, -1.5708, -1.5708, 0.0, 0.0, 0.0, 0.0, 0.0], time_from_start: { sec: 5 } },
      { positions: [0.0, 0.0, 0.0, 0.0, 0.0, 0.0, 0.0, 0.0, 0.0, 0.0, 0.0, 0.0, -1.5708, -1.5708, 0.0, 0.0, 0.0, 0.0, 0.0, 0.0], velocities: [0.0, 0.0, 0.0, 0.0, 0.0, 0.0, 0.0, 0.0, 0.0, 0.0, 0.0, 0.0, -1.5708, -1.5708, 0.0, 0.0, 0.0, 0.0, 0.0, 0.0], time_from_start: { sec: 7 } },
      { positions: [0.0, 0.0, 0.0, 0.0, 0.0, 0.0, 0.0, 0.0, 0.0, 0.0, 0.0, 0.0, -1.5708, -1.5708, -1.5708, 0.0, 0.0, 0.0, 0.0, 0.0], velocities: [0.0, 0.0, 0.0, 0.0, 0.0, 0.0, 0.0, 0.0, 0.0, 0.0, 0.0, 0.0, -1.5708, -1.5708, -1.5708, 0.0, 0.0, 0.0, 0.0, 0.0], time_from_start: { sec: 9 } },
      { positions: [0.0, 0.0, 0.0, 0.0, 0.0, 0.0, 0.0, 0.0, 0.0, 0.0, 0.0, 0.0, -1.5708, -1.5708, 0.0, 0.0, 0.0, 0.0, 0.0, 0.0], velocities: [0.0, 0.0, 0.0, 0.0, 0.0, 0.0, 0.0, 0.0, 0.0, 0.0, 0.0, 0.0, -1.5708, -1.5708, 0.0, 0.0, 0.0, 0.0, 0.0, 0.0], time_from_start: { sec: 11 } }
    ]
  }
}"
